divide_points
3 3
145 150
105 307
260 282
315 425
461 354
463 167
sub_hull
3 3
145 150 260 282
105 307 260 282
105 307 145 150
461 354 463 167
315 425 461 354
315 425 463 167
combine_hull
5
145 150 463 167
461 354 463 167
315 425 461 354
105 307 315 425
105 307 145 150
merge
3 3 5
0 196 173 240
173 240 231 600
173 240 450 0
324 259 490 600
324 259 600 261
0 72 324 259
78 600 197 388
197 388 357 326
357 326 381 259
305 126 381 259
305 126 312 0
merge
3 2 5
0 196 173 240
173 240 197 388
173 240 305 126
357 326 490 600
381 259 600 261
78 600 197 388
197 388 357 326
357 326 381 259
305 126 381 259
305 126 312 0
-stop-